5354 1
4292 2
4734 3
10996 2
2979 3
1342 4
2978 5
1383 6
10903 3
5365 4
6661 5
4345 4
5354 1
4292 2
4734 3
10996 2
2979 3
1342 4
2978 5
1383 6
10903 3
5365 4
6661 5
4345 4
5354 1
4292 2
4734 3
10996 2
2979 3
1342 4
2978 5
1383 6
10903 3
5365 4
6661 5
4345 4
5354 1
4292 2
4734 3
10996 2
2979 3
1342 4
2978 5
1383 6
10903 3
5365 4
6661 5
4345 4
5354 1
4292 2
4734 3
10996 2
2979 3
1342 4
2978 5
1383 6
10903 3
5365 4
6661 5
4345 4
5354 1
4292 2
4734 3
10996 2
2979 3
1342 4
2978 5
1383 6
10903 3
5365 4
6661 5
4345 4
5354 1
4292 2
4734 3
10996 2
2979 3
1342 4
2978 5
1383 6
10903 3
5365 4
6661 5
4345 4
5354 1
4292 2
4734 3
10996 2
2979 3
1342 4
2978 5
1383 6
10903 3
5365 4
6661 5
4345 4
5354 1
4292 2
4734 3
10996 2
2979 3
1342 4
2978 5
1383 6
10903 3
5365 4
6661 5
4345 4
5354 1
4292 2
4734 3
10996 2
2979 3
1342 4
2978 5
1383 6
10903 3
5365 4
6661 5
4345 4
5354 1
4292 2
4734 3
10996 2
2979 3
1342 4
2978 5
1383 6
10903 3
5365 4
6661 5
4345 4
5354 1
4292 2
4734 3
10996 2
2979 3
1342 4
2978 5
1383 6
10903 3
5365 4
6661 5
4345 4
5354 1
4292 2
4734 3
10996 2
2979 3
1342 4
2978 5
1383 6
10903 3
5365 4
6661 5
4345 4
5354 1
4292 2
4734 3
10996 2
2979 3
1342 4
2978 5
1383 6
10903 3
5365 4
6661 5
4345 4
5354 1
4292 2
4734 3
10996 2
2979 3
1342 4
2978 5
1383 6
10903 3
5365 4
6661 5
4345 4
5354 1
4292 2
4734 3
10996 2
2979 3
1342 4
2978 5
1383 6
10903 3
5365 4
6661 5
4345 4
5354 1
4292 2
4734 3
10996 2
2979 3
1342 4
2978 5
1383 6
10903 3
5365 4
6661 5
4345 4
5354 1
4292 2
4734 3
10996 2
2979 3
1342 4
2978 5
1383 6
10903 3
5365 4
6661 5
4345 4
5354 1
4292 2
4734 3
10996 2
2979 3
1342 4
2978 5
1383 6
10903 3
5365 4
6661 5
4345 4
5354 1
4292 2
4734 3
10996 2
2979 3
1342 4
2978 5
1383 6
10903 3
5365 4
6661 5
4345 4
5354 1
4292 2
4734 3
10996 2
2979 3
1342 4
2978 5
1383 6
10903 3
5365 4
6661 5
4345 4
